20  3  0  0
   1    1.2631730000000001  0.064309379999999999  -0.79224550000000005
   2    0.16005630000000001  5.2813040000000004  -2.1782339999999998
   3    -0.1220932  5.2813040000000004  -1.8917889999999999
   4    -1.3025549999999999  1.3444700000000001  -0.77748360000000005
   5    0.84952419999999995  2.7149809999999999  -1.1768000000000001
   6    0.50437220000000005  4.0854910000000002  -1.4437059999999999
   7    -0.81296409999999997  2.7149809999999999  -1.1768000000000001
   8    0.16005639999999999  5.2813040000000004  -1.8917889999999999
   9    -0.43339559999999999  4.0854910000000002  -1.4437059999999999
  10    1.2631730000000001  1.344471  -3.2506560000000002
  11    1.2631730000000001  1.3444700000000001  -0.77748360000000005
  12    1.2631730000000001  0.064309569999999996  -3.3048009999999999
  13    -1.3025549999999999  0.064309569999999996  -3.3048009999999999
  14    -1.302554  1.344471  -3.2506560000000002
  15    0.84952419999999995  2.7149809999999999  -2.8830800000000001
  16    0.50437209999999999  4.0854910000000002  -2.533137
  17    -0.1220932  5.2813040000000004  -2.1782339999999998
  18    -1.3025549999999999  0.064309379999999999  -0.79224550000000005
  19    -0.81296409999999997  2.7149809999999999  -2.8830800000000001
  20    -0.43339569999999999  4.0854910000000002  -2.533137
# Generated by ./tetgen -k MallaTriangulosJuanpeFinal.stl 
