24  4  0
    1      19    20     5    15
    2      20     2    17     3
    3      10    19     7     5
    4       8    20     2    16
    5      20     8     2     3
    6      14     1     4    18
    7       8    20     9     3
    8       1    10    12    14
    9       1    12    13    14
   10      16     6     9     5
   11       8    20    16     9
   12       6     8    16     9
   13      20     9     7     5
   14      20    16     5    15
   15      10    19     5    15
   16      10    19    14     7
   17      13     1    14    18
   18      10     7    11     5
   19      20    16     9     5
   20      14     7     4    11
   21      14    10     7    11
   22       1    10    14    11
   23       1    14     4    11
   24      19    20     7     5
# Generated by ./tetgen -k MallaTriangulosJuanpeFinal.stl 
